1002 5000
1000 753 1
1 34 1
1 184 1
1 200 1
1 260 1
1 432 1
1 470 1
1 481 1
1 584 1
1 790 1
2 167 1
2 748 1
3 122 1
3 217 1
3 783 1
3 821 1
3 862 1
3 926 1
4 171 1
4 181 1
4 397 1
4 559 1
4 953 1
5 119 1
5 414 1
6 305 1
7 479 1
8 1 1
8 50 1
8 73 1
8 131 1
8 198 1
8 491 1
8 680 1
8 706 1
8 731 1
8 800 1
8 861 1
9 178 1
9 207 1
9 395 1
9 529 1
9 592 1
9 861 1
10 573 1
11 406 1
11 642 1
12 81 1
12 173 1
12 479 1
12 623 1
12 647 1
12 677 1
12 762 1
12 776 1
12 797 1
12 836 1
12 898 1
13 248 1
13 281 1
13 515 1
13 622 1
14 174 1
14 234 1
14 370 1
14 722 1
15 268 1
15 370 1
15 688 1
15 729 1
15 751 1
15 825 1
15 909 1
17 22 1
17 194 1
17 273 1
17 350 1
17 476 1
17 673 1
18 61 1
18 182 1
18 261 1
18 702 1
18 871 1
18 956 1
20 16 1
20 124 1
20 361 1
20 829 1
20 908 1
21 476 1
22 167 1
22 304 1
22 391 1
22 748 1
22 797 1
23 76 1
23 182 1
23 659 1
24 244 1
24 401 1
24 516 1
24 637 1
24 735 1
24 816 1
24 854 1
24 867 1
25 140 1
25 229 1
25 355 1
25 435 1
25 467 1
25 522 1
25 663 1
25 686 1
25 749 1
25 819 1
25 943 1
26 23 1
26 297 1
26 413 1
26 508 1
26 587 1
26 613 1
26 719 1
26 843 1
26 992 1
27 482 1
27 532 1
27 576 1
27 584 1
27 622 1
27 687 1
27 942 1
28 52 1
28 304 1
28 748 1
30 1000 1
30 83 1
30 88 1
30 288 1
30 379 1
30 760 1
30 761 1
30 813 1
31 683 1
31 730 1
31 752 1
31 754 1
31 871 1
31 921 1
31 941 1
32 551 1
32 898 1
34 51 1
34 275 1
34 313 1
34 386 1
34 417 1
34 423 1
34 453 1
34 532 1
34 691 1
34 761 1
35 51 1
35 237 1
35 422 1
36 92 1
36 124 1
36 486 1
36 769 1
36 771 1
36 788 1
36 854 1
36 938 1
37 41 1
37 148 1
38 398 1
38 413 1
38 590 1
38 947 1
38 983 1
39 79 1
39 157 1
39 201 1
39 267 1
39 323 1
39 817 1
39 937 1
40 111 1
40 211 1
40 839 1
41 119 1
42 277 1
42 312 1
42 361 1
43 137 1
43 334 1
43 465 1
43 603 1
43 615 1
43 824 1
43 958 1
44 33 1
44 34 1
44 184 1
44 235 1
44 424 1
44 459 1
44 546 1
44 620 1
44 624 1
44 659 1
44 660 1
44 702 1
44 705 1
44 833 1
46 91 1
46 259 1
46 276 1
46 293 1
46 295 1
46 390 1
46 553 1
46 556 1
46 879 1
46 928 1
46 986 1
47 552 1
47 748 1
47 760 1
47 785 1
47 904 1
48 142 1
48 501 1
48 564 1
48 588 1
48 665 1
48 787 1
48 814 1
48 873 1
48 923 1
48 979 1
49 211 1
49 356 1
49 432 1
49 726 1
49 975 1
50 103 1
50 112 1
50 185 1
50 232 1
50 334 1
50 362 1
50 614 1
50 647 1
50 799 1
50 987 1
51 7 1
51 182 1
52 81 1
52 203 1
52 379 1
52 443 1
52 771 1
52 773 1
52 870 1
53 167 1
54 66 1
54 229 1
54 371 1
54 566 1
54 590 1
54 826 1
55 312 1
55 380 1
55 418 1
55 573 1
56 305 1
57 774 1
57 820 1
58 165 1
58 409 1
58 449 1
58 566 1
58 778 1
58 785 1
58 803 1
58 901 1
59 159 1
59 204 1
59 305 1
59 386 1
59 529 1
60 147 1
60 207 1
60 251 1
60 283 1
60 312 1
60 353 1
60 475 1
60 636 1
60 736 1
60 862 1
60 884 1
60 964 1
62 130 1
62 277 1
62 281 1
62 545 1
62 717 1
62 718 1
62 925 1
63 22 1
63 110 1
63 139 1
63 149 1
63 208 1
63 586 1
63 590 1
63 613 1
63 826 1
63 836 1
63 922 1
63 958 1
64 54 1
64 147 1
64 181 1
64 216 1
64 234 1
64 278 1
64 460 1
64 571 1
64 577 1
64 738 1
64 817 1
64 857 1
64 928 1
64 951 1
65 246 1
65 335 1
65 383 1
65 423 1
65 575 1
65 582 1
65 708 1
65 829 1
65 841 1
65 994 1
66 584 1
66 846 1
67 373 1
67 591 1
67 735 1
67 846 1
68 622 1
69 49 1
69 121 1
69 166 1
69 169 1
69 186 1
69 292 1
69 432 1
69 488 1
69 568 1
69 647 1
69 669 1
69 986 1
70 213 1
70 581 1
70 903 1
71 27 1
71 74 1
71 114 1
71 510 1
71 584 1
71 667 1
71 723 1
71 874 1
72 659 1
72 678 1
73 89 1
73 96 1
73 154 1
73 324 1
73 561 1
73 572 1
73 609 1
73 616 1
73 923 1
73 992 1
74 148 1
74 457 1
75 2 1
75 219 1
75 227 1
75 755 1
75 926 1
77 14 1
77 156 1
77 275 1
77 450 1
77 764 1
77 782 1
77 860 1
77 957 1
78 61 1
78 289 1
78 478 1
78 668 1
78 862 1
79 61 1
79 93 1
79 709 1
80 41 1
81 181 1
82 105 1
82 171 1
82 216 1
82 246 1
82 255 1
82 282 1
82 481 1
82 587 1
82 732 1
82 925 1
82 970 1
82 990 1
83 175 1
83 210 1
83 314 1
83 386 1
83 720 1
85 281 1
85 453 1
85 603 1
85 665 1
85 710 1
85 732 1
86 397 1
86 484 1
86 553 1
86 555 1
86 666 1
86 713 1
86 727 1
86 739 1
86 855 1
87 38 1
87 204 1
87 220 1
88 37 1
88 232 1
88 753 1
89 11 1
89 81 1
89 341 1
89 486 1
89 722 1
89 785 1
89 844 1
89 966 1
90 169 1
90 211 1
90 307 1
90 395 1
90 402 1
90 561 1
90 673 1
90 896 1
91 289 1
91 345 1
91 418 1
91 813 1
91 948 1
92 200 1
92 553 1
93 297 1
93 451 1
94 962 1
95 368 1
95 414 1
95 846 1
96 411 1
96 839 1
96 962 1
97 17 1
97 47 1
97 171 1
97 324 1
97 371 1
97 632 1
97 677 1
97 782 1
97 902 1
98 29 1
98 47 1
98 186 1
98 328 1
98 671 1
98 801 1
98 962 1
98 986 1
101 104 1
101 241 1
101 305 1
101 418 1
102 53 1
102 85 1
102 304 1
102 492 1
102 605 1
102 870 1
103 323 1
103 602 1
103 642 1
103 693 1
103 698 1
103 767 1
103 820 1
103 962 1
104 124 1
104 197 1
105 85 1
105 173 1
105 262 1
105 661 1
105 994 1
106 39 1
106 105 1
106 362 1
106 636 1
106 677 1
106 764 1
106 845 1
106 859 1
106 885 1
108 148 1
108 247 1
108 414 1
108 710 1
109 454 1
109 785 1
109 926 1
110 368 1
111 219 1
111 821 1
113 109 1
113 152 1
113 277 1
113 304 1
113 368 1
113 410 1
113 512 1
113 642 1
113 682 1
113 841 1
114 4 1
114 91 1
114 112 1
114 310 1
114 664 1
114 837 1
114 896 1
115 111 1
115 298 1
115 983 1
116 451 1
116 525 1
116 659 1
116 757 1
117 50 1
117 95 1
117 100 1
117 465 1
117 981 1
118 94 1
118 125 1
118 213 1
118 280 1
118 398 1
118 872 1
120 62 1
120 87 1
120 200 1
120 207 1
120 328 1
120 445 1
120 806 1
120 968 1
122 93 1
122 124 1
122 151 1
122 325 1
122 485 1
122 727 1
123 29 1
123 340 1
123 965 1
124 709 1
125 11 1
125 34 1
125 208 1
125 476 1
125 562 1
125 576 1
125 722 1
125 997 1
126 162 1
126 281 1
126 454 1
126 983 1
127 355 1
127 429 1
127 983 1
128 244 1
128 732 1
129 262 1
129 490 1
129 622 1
129 625 1
129 678 1
130 168 1
130 210 1
130 334 1
130 422 1
130 563 1
130 691 1
130 815 1
130 818 1
130 972 1
131 112 1
131 161 1
131 252 1
131 258 1
131 345 1
131 495 1
131 509 1
131 720 1
131 896 1
131 937 1
132 30 1
132 234 1
132 304 1
132 438 1
132 462 1
132 696 1
132 774 1
132 865 1
132 891 1
133 46 1
133 149 1
133 456 1
133 619 1
133 758 1
133 981 1
134 168 1
134 173 1
134 178 1
134 290 1
134 485 1
134 626 1
134 710 1
134 858 1
134 877 1
134 891 1
134 926 1
134 932 1
135 91 1
135 279 1
135 356 1
135 609 1
135 994 1
136 169 1
136 227 1
136 268 1
136 368 1
136 503 1
136 733 1
136 795 1
136 851 1
136 960 1
137 59 1
137 482 1
137 691 1
137 710 1
137 890 1
138 151 1
138 178 1
138 694 1
139 49 1
139 138 1
139 195 1
139 524 1
139 691 1
139 716 1
139 743 1
139 928 1
139 965 1
139 972 1
140 5 1
140 95 1
140 344 1
140 350 1
140 498 1
140 687 1
140 724 1
140 861 1
140 874 1
141 224 1
141 922 1
142 886 1
142 909 1
143 429 1
143 947 1
144 2 1
144 103 1
144 157 1
144 263 1
144 561 1
144 580 1
144 683 1
145 4 1
145 5 1
145 38 1
145 148 1
145 391 1
145 517 1
145 624 1
145 759 1
145 815 1
146 10 1
146 313 1
146 420 1
146 461 1
146 525 1
146 732 1
147 113 1
147 211 1
147 248 1
147 829 1
147 877 1
148 622 1
149 379 1
150 604 1
150 948 1
151 737 1
151 955 1
152 288 1
152 461 1
152 471 1
152 710 1
153 470 1
153 943 1
154 34 1
154 438 1
154 604 1
155 95 1
155 122 1
155 621 1
155 797 1
155 953 1
156 244 1
158 170 1
158 186 1
158 445 1
158 640 1
158 848 1
158 996 1
159 51 1
159 182 1
160 1000 1
160 79 1
160 161 1
160 182 1
160 224 1
160 252 1
160 263 1
160 266 1
160 300 1
160 461 1
160 552 1
160 643 1
160 645 1
160 699 1
160 777 1
160 932 1
161 295 1
161 314 1
161 335 1
161 370 1
161 879 1
161 942 1
162 16 1
162 771 1
163 295 1
163 370 1
163 446 1
163 565 1
163 629 1
163 697 1
163 699 1
163 769 1
163 778 1
163 788 1
163 992 1
164 42 1
164 101 1
164 141 1
164 179 1
164 368 1
164 418 1
164 454 1
164 577 1
164 904 1
165 70 1
165 187 1
165 390 1
165 567 1
165 827 1
165 867 1
166 241 1
166 382 1
166 545 1
166 560 1
166 587 1
166 961 1
168 124 1
168 328 1
168 451 1
168 481 1
168 487 1
168 612 1
168 753 1
168 815 1
168 844 1
168 858 1
169 99 1
169 241 1
169 306 1
169 349 1
169 726 1
169 753 1
169 788 1
169 842 1
170 186 1
170 278 1
170 355 1
170 553 1
170 564 1
170 724 1
170 771 1
170 860 1
170 886 1
170 960 1
171 839 1
172 340 1
172 622 1
174 61 1
174 110 1
174 314 1
174 604 1
174 815 1
175 618 1
176 123 1
176 210 1
176 450 1
176 621 1
176 937 1
177 84 1
177 99 1
177 157 1
177 244 1
177 245 1
177 299 1
177 382 1
177 443 1
177 455 1
177 564 1
179 551 1
179 631 1
179 975 1
180 774 1
183 41 1
183 108 1
183 493 1
183 541 1
183 593 1
183 632 1
183 782 1
183 957 1
184 11 1
184 145 1
184 287 1
184 564 1
184 575 1
184 757 1
184 794 1
184 997 1
185 479 1
185 815 1
185 983 1
186 88 1
186 110 1
186 582 1
186 692 1
186 972 1
187 37 1
187 217 1
187 379 1
188 70 1
188 138 1
188 382 1
188 404 1
188 427 1
188 472 1
188 678 1
188 727 1
188 839 1
188 844 1
188 876 1
189 52 1
189 234 1
189 629 1
189 635 1
189 664 1
189 701 1
189 854 1
189 891 1
189 930 1
189 979 1
191 2 1
191 219 1
191 271 1
191 499 1
191 551 1
191 834 1
191 972 1
192 39 1
192 95 1
192 182 1
192 271 1
192 312 1
192 328 1
192 422 1
192 747 1
192 795 1
192 887 1
192 893 1
192 938 1
192 972 1
193 72 1
193 332 1
193 394 1
193 425 1
193 455 1
193 675 1
193 732 1
193 916 1
194 303 1
195 176 1
195 274 1
195 391 1
195 527 1
195 597 1
195 627 1
195 773 1
195 942 1
196 34 1
196 70 1
196 303 1
196 329 1
196 448 1
196 493 1
196 495 1
196 520 1
196 536 1
196 736 1
196 746 1
196 771 1
196 785 1
196 946 1
198 263 1
198 335 1
198 351 1
198 387 1
198 395 1
198 486 1
198 684 1
198 748 1
198 757 1
198 957 1
199 109 1
199 289 1
199 350 1
199 366 1
199 393 1
199 440 1
199 522 1
199 534 1
199 717 1
199 732 1
199 829 1
200 95 1
200 112 1
200 297 1
200 483 1
200 561 1
201 57 1
201 84 1
201 93 1
201 167 1
201 246 1
201 536 1
201 625 1
201 698 1
201 905 1
202 13 1
202 45 1
202 99 1
202 157 1
202 285 1
202 321 1
202 354 1
202 421 1
202 476 1
202 612 1
202 733 1
202 881 1
203 837 1
204 94 1
205 523 1
205 525 1
205 879 1
205 994 1
206 207 1
206 232 1
206 287 1
206 508 1
206 884 1
206 959 1
207 205 1
207 676 1
207 771 1
207 777 1
209 121 1
209 553 1
209 769 1
209 839 1
210 410 1
211 305 1
211 399 1
211 668 1
211 869 1
211 884 1
212 143 1
212 351 1
212 417 1
213 719 1
214 91 1
214 248 1
214 344 1
214 356 1
214 715 1
215 68 1
215 406 1
215 515 1
215 556 1
215 561 1
215 581 1
215 863 1
215 889 1
215 937 1
215 942 1
216 470 1
217 197 1
218 209 1
218 246 1
218 268 1
218 450 1
218 602 1
218 709 1
218 818 1
219 157 1
219 190 1
219 429 1
221 205 1
221 347 1
221 830 1
221 861 1
221 890 1
222 23 1
222 51 1
222 297 1
222 340 1
222 486 1
222 908 1
223 45 1
223 124 1
223 143 1
223 263 1
223 275 1
223 291 1
223 313 1
223 453 1
223 642 1
223 678 1
223 917 1
224 45 1
224 203 1
224 209 1
224 702 1
225 187 1
225 331 1
225 473 1
225 486 1
225 601 1
225 682 1
225 953 1
226 21 1
226 194 1
226 524 1
226 547 1
226 997 1
227 47 1
227 334 1
227 618 1
228 232 1
228 260 1
228 303 1
228 442 1
228 561 1
228 656 1
228 757 1
228 774 1
228 836 1
228 891 1
229 26 1
229 105 1
229 126 1
229 161 1
229 232 1
229 270 1
229 362 1
229 447 1
229 450 1
229 807 1
229 866 1
229 903 1
230 109 1
230 220 1
230 341 1
230 712 1
230 946 1
231 247 1
231 324 1
232 91 1
232 151 1
232 171 1
232 627 1
232 797 1
233 111 1
233 143 1
233 176 1
233 182 1
233 203 1
233 377 1
233 384 1
233 419 1
233 592 1
233 906 1
234 299 1
234 557 1
234 641 1
234 776 1
234 792 1
235 39 1
235 55 1
235 137 1
235 230 1
235 243 1
235 272 1
235 366 1
235 654 1
235 659 1
235 673 1
235 686 1
235 745 1
235 815 1
235 863 1
235 947 1
236 273 1
236 427 1
236 575 1
236 875 1
236 953 1
237 68 1
237 245 1
237 418 1
237 612 1
237 817 1
237 922 1
238 122 1
238 288 1
238 443 1
238 785 1
239 18 1
239 249 1
239 379 1
239 409 1
239 471 1
239 666 1
239 685 1
239 695 1
239 897 1
240 152 1
240 231 1
240 817 1
240 892 1
241 124 1
241 182 1
241 818 1
241 953 1
241 999 1
242 180 1
242 340 1
242 382 1
242 396 1
243 50 1
243 288 1
243 314 1
243 441 1
243 556 1
243 558 1
243 560 1
243 568 1
243 641 1
243 815 1
245 498 1
245 654 1
246 40 1
246 154 1
246 194 1
246 203 1
246 486 1
246 612 1
246 621 1
246 622 1
246 820 1
246 997 1
247 94 1
247 271 1
247 651 1
247 737 1
248 22 1
248 605 1
248 808 1
249 27 1
249 375 1
249 612 1
249 730 1
249 862 1
250 386 1
250 510 1
250 603 1
250 836 1
250 841 1
250 932 1
251 27 1
251 341 1
251 345 1
251 455 1
251 677 1
251 687 1
252 263 1
252 276 1
252 294 1
252 312 1
252 556 1
252 616 1
252 748 1
252 866 1
253 265 1
253 308 1
253 400 1
253 624 1
253 625 1
253 646 1
253 653 1
253 698 1
253 786 1
253 909 1
253 943 1
254 498 1
254 517 1
254 737 1
254 992 1
255 299 1
255 380 1
255 727 1
255 871 1
256 490 1
257 80 1
257 210 1
257 529 1
257 647 1
258 211 1
258 527 1
258 573 1
258 661 1
258 715 1
258 813 1
258 846 1
260 16 1
261 29 1
261 92 1
261 268 1
261 411 1
261 445 1
261 828 1
261 972 1
262 38 1
262 178 1
262 276 1
263 175 1
263 320 1
263 561 1
264 414 1
264 508 1
264 552 1
264 677 1
264 812 1
264 884 1
264 989 1
264 990 1
265 150 1
265 369 1
265 382 1
265 387 1
265 391 1
265 475 1
265 739 1
266 289 1
266 489 1
266 523 1
266 607 1
266 643 1
266 732 1
266 767 1
266 919 1
267 648 1
267 700 1
267 737 1
267 942 1
268 727 1
269 94 1
270 50 1
270 374 1
270 445 1
271 826 1
272 45 1
272 741 1
272 770 1
273 92 1
273 169 1
273 263 1
273 373 1
273 528 1
273 631 1
273 667 1
273 771 1
273 825 1
274 72 1
274 173 1
274 213 1
274 224 1
274 348 1
274 648 1
274 720 1
274 869 1
274 888 1
274 941 1
275 244 1
275 709 1
276 138 1
276 157 1
276 256 1
276 291 1
276 566 1
276 737 1
278 21 1
279 52 1
279 162 1
279 560 1
279 570 1
279 999 1
280 27 1
280 175 1
280 289 1
280 457 1
280 483 1
280 769 1
281 124 1
281 340 1
281 414 1
281 622 1
281 774 1
281 947 1
282 890 1
283 11 1
283 84 1
283 641 1
283 684 1
283 720 1
283 760 1
283 834 1
284 259 1
284 392 1
284 525 1
284 702 1
285 93 1
285 215 1
285 244 1
285 563 1
285 665 1
285 867 1
286 40 1
286 564 1
286 693 1
286 862 1
287 397 1
287 664 1
287 896 1
289 162 1
289 483 1
289 553 1
290 112 1
290 155 1
290 195 1
290 211 1
290 263 1
290 314 1
290 430 1
290 534 1
290 604 1
290 629 1
290 786 1
291 141 1
291 783 1
291 794 1
292 17 1
292 47 1
292 163 1
292 168 1
292 170 1
292 197 1
292 276 1
292 532 1
292 621 1
292 711 1
292 800 1
292 905 1
293 157 1
293 725 1
293 783 1
293 854 1
294 157 1
294 469 1
294 564 1
294 648 1
294 687 1
294 858 1
295 72 1
295 454 1
295 618 1
295 631 1
295 671 1
295 842 1
296 320 1
296 433 1
296 552 1
296 745 1
296 836 1
298 592 1
298 700 1
298 732 1
299 328 1
299 590 1
299 668 1
300 92 1
300 98 1
300 187 1
300 309 1
300 392 1
300 461 1
300 710 1
300 782 1
300 816 1
300 889 1
300 903 1
300 928 1
300 973 1
301 103 1
301 545 1
301 624 1
301 709 1
301 797 1
301 958 1
302 56 1
302 85 1
302 246 1
302 358 1
302 457 1
302 553 1
302 654 1
302 675 1
302 745 1
302 751 1
302 946 1
303 774 1
303 965 1
305 307 1
305 953 1
306 42 1
306 587 1
308 118 1
308 137 1
308 162 1
308 463 1
308 469 1
308 692 1
308 830 1
308 846 1
309 590 1
309 819 1
310 586 1
311 59 1
311 104 1
311 324 1
311 350 1
315 123 1
315 307 1
315 727 1
316 127 1
316 137 1
316 281 1
316 387 1
316 457 1
316 633 1
316 711 1
316 741 1
316 916 1
316 964 1
317 174 1
317 277 1
317 285 1
317 446 1
317 485 1
317 504 1
317 681 1
317 774 1
318 21 1
318 25 1
318 166 1
318 196 1
318 275 1
318 399 1
318 558 1
318 653 1
318 716 1
318 721 1
318 736 1
318 745 1
318 816 1
318 902 1
318 988 1
319 167 1
319 612 1
319 801 1
319 867 1
320 51 1
320 413 1
320 708 1
320 926 1
321 51 1
321 191 1
321 251 1
321 295 1
321 299 1
321 330 1
321 553 1
321 566 1
321 609 1
321 631 1
321 671 1
321 822 1
321 960 1
322 6 1
322 175 1
322 190 1
322 459 1
322 520 1
322 613 1
322 764 1
322 979 1
323 552 1
323 888 1
324 203 1
324 278 1
324 620 1
325 948 1
326 15 1
326 17 1
326 29 1
326 122 1
326 134 1
326 234 1
326 355 1
326 396 1
326 490 1
326 568 1
326 667 1
326 790 1
327 13 1
327 19 1
327 347 1
327 412 1
327 719 1
327 734 1
328 197 1
328 748 1
329 19 1
329 490 1
329 558 1
329 701 1
329 792 1
330 70 1
330 600 1
330 735 1
330 828 1
330 845 1
330 846 1
330 884 1
331 148 1
331 203 1
331 299 1
331 429 1
331 579 1
331 640 1
331 897 1
331 984 1
332 283 1
332 418 1
333 11 1
333 281 1
333 403 1
333 460 1
333 632 1
333 650 1
333 656 1
333 679 1
333 820 1
333 862 1
335 124 1
335 846 1
335 941 1
335 953 1
336 371 1
336 522 1
336 608 1
336 942 1
337 17 1
337 128 1
337 369 1
337 782 1
338 275 1
338 372 1
338 379 1
338 494 1
338 837 1
338 867 1
338 886 1
339 61 1
339 220 1
339 567 1
339 612 1
339 692 1
339 724 1
339 729 1
339 846 1
342 462 1
342 722 1
342 909 1
342 942 1
343 74 1
343 107 1
343 283 1
343 378 1
343 477 1
343 572 1
343 686 1
343 786 1
343 949 1
343 966 1
344 454 1
344 547 1
344 668 1
344 837 1
344 896 1
344 902 1
345 260 1
346 67 1
346 163 1
346 179 1
346 234 1
346 261 1
346 351 1
346 411 1
346 607 1
346 627 1
346 631 1
347 415 1
347 785 1
348 68 1
348 303 1
349 559 1
350 182 1
350 401 1
350 491 1
350 600 1
350 632 1
350 662 1
350 685 1
351 397 1
351 520 1
351 551 1
351 820 1
352 68 1
352 709 1
353 37 1
353 105 1
353 134 1
353 426 1
353 429 1
353 443 1
353 461 1
353 471 1
353 502 1
353 777 1
353 963 1
354 109 1
354 147 1
354 199 1
354 248 1
354 451 1
354 579 1
354 592 1
354 826 1
354 951 1
355 21 1
355 169 1
355 774 1
355 829 1
355 862 1
355 979 1
356 451 1
357 361 1
357 373 1
357 416 1
357 427 1
357 612 1
357 662 1
357 681 1
357 876 1
357 987 1
358 34 1
358 92 1
358 104 1
358 220 1
358 224 1
358 291 1
358 404 1
358 415 1
358 570 1
358 782 1
359 125 1
359 224 1
359 580 1
359 879 1
360 75 1
360 76 1
360 145 1
360 190 1
360 525 1
360 589 1
360 691 1
360 817 1
360 883 1
362 89 1
362 922 1
362 961 1
363 257 1
363 392 1
363 527 1
363 709 1
364 55 1
364 310 1
364 484 1
364 998 1
365 74 1
365 579 1
365 709 1
365 757 1
365 872 1
365 923 1
366 3 1
366 95 1
366 211 1
366 451 1
366 662 1
366 716 1
366 792 1
366 983 1
367 11 1
367 302 1
367 331 1
367 342 1
367 394 1
367 397 1
367 456 1
367 481 1
367 727 1
367 827 1
369 211 1
369 269 1
369 282 1
369 441 1
369 541 1
369 582 1
369 592 1
369 600 1
369 613 1
369 727 1
369 824 1
370 769 1
371 314 1
372 56 1
372 104 1
372 377 1
372 483 1
372 642 1
372 886 1
372 897 1
372 926 1
373 947 1
373 955 1
374 95 1
374 157 1
374 173 1
374 234 1
374 297 1
374 556 1
374 758 1
374 922 1
374 983 1
376 8 1
376 112 1
376 151 1
376 288 1
376 403 1
376 671 1
376 827 1
376 848 1
376 956 1
376 965 1
378 2 1
378 41 1
378 52 1
378 104 1
378 277 1
378 382 1
378 485 1
378 551 1
378 557 1
378 665 1
378 825 1
378 842 1
378 846 1
380 148 1
380 172 1
380 398 1
380 605 1
380 761 1
381 13 1
381 15 1
381 118 1
381 246 1
381 268 1
381 594 1
381 702 1
381 858 1
381 897 1
381 962 1
382 454 1
383 55 1
383 356 1
383 432 1
383 480 1
383 817 1
384 295 1
384 518 1
384 722 1
384 782 1
384 950 1
384 995 1
385 365 1
385 562 1
385 668 1
385 700 1
386 37 1
387 138 1
387 672 1
388 245 1
388 392 1
388 575 1
388 637 1
389 312 1
389 406 1
389 468 1
389 521 1
389 594 1
389 626 1
389 954 1
390 51 1
390 155 1
390 172 1
390 177 1
390 319 1
390 477 1
390 637 1
390 767 1
391 181 1
391 596 1
393 61 1
393 247 1
393 402 1
393 787 1
395 32 1
395 294 1
395 311 1
395 378 1
395 676 1
395 678 1
395 771 1
395 877 1
395 972 1
396 123 1
396 312 1
396 797 1
399 38 1
399 307 1
399 542 1
400 3 1
400 38 1
400 281 1
400 341 1
400 510 1
400 567 1
400 745 1
400 916 1
401 573 1
402 119 1
402 216 1
402 260 1
402 303 1
402 349 1
402 391 1
402 418 1
402 509 1
402 524 1
402 577 1
402 678 1
403 417 1
404 277 1
404 352 1
404 397 1
404 451 1
404 651 1
404 687 1
404 702 1
404 908 1
405 16 1
405 351 1
406 398 1
406 605 1
407 276 1
407 395 1
407 786 1
407 837 1
408 27 1
408 138 1
408 312 1
408 765 1
408 768 1
408 858 1
409 111 1
409 129 1
409 472 1
409 643 1
409 699 1
409 952 1
409 980 1
411 632 1
411 897 1
411 983 1
412 169 1
412 414 1
412 761 1
413 57 1
414 277 1
414 479 1
415 260 1
416 8 1
416 230 1
416 248 1
416 312 1
416 369 1
416 421 1
416 444 1
416 871 1
417 72 1
417 397 1
417 953 1
419 155 1
419 341 1
419 349 1
419 496 1
419 592 1
420 92 1
420 182 1
420 272 1
420 450 1
420 567 1
420 643 1
420 665 1
420 982 1
421 66 1
421 168 1
421 213 1
421 394 1
421 661 1
421 769 1
421 787 1
421 845 1
422 362 1
422 406 1
422 419 1
422 621 1
423 80 1
423 560 1
423 573 1
423 709 1
424 115 1
424 240 1
424 257 1
424 344 1
424 577 1
424 639 1
426 21 1
426 42 1
426 209 1
426 211 1
426 586 1
426 877 1
427 70 1
427 181 1
427 323 1
427 351 1
427 587 1
427 622 1
427 650 1
427 720 1
427 800 1
427 807 1
428 209 1
428 229 1
428 586 1
428 704 1
428 737 1
428 741 1
428 923 1
430 29 1
430 299 1
430 711 1
430 937 1
431 47 1
432 94 1
432 182 1
432 194 1
432 304 1
433 75 1
433 93 1
433 102 1
433 124 1
433 481 1
433 768 1
433 883 1
433 956 1
434 135 1
434 263 1
434 275 1
434 277 1
434 310 1
434 378 1
434 547 1
434 728 1
434 770 1
434 808 1
434 986 1
435 443 1
435 580 1
436 552 1
436 562 1
436 688 1
436 792 1
436 967 1
437 294 1
437 344 1
437 665 1
437 943 1
438 121 1
438 148 1
438 171 1
438 190 1
438 291 1
438 313 1
438 665 1
439 212 1
439 238 1
439 364 1
439 479 1
439 517 1
439 579 1
439 859 1
440 406 1
440 487 1
440 577 1
440 685 1
440 755 1
441 413 1
441 573 1
442 37 1
442 341 1
442 351 1
442 379 1
442 629 1
443 797 1
444 208 1
444 305 1
444 361 1
444 382 1
444 436 1
444 615 1
444 682 1
444 759 1
444 884 1
445 2 1
445 28 1
445 197 1
445 771 1
446 282 1
446 757 1
446 813 1
446 896 1
447 94 1
447 341 1
447 380 1
447 411 1
448 148 1
448 479 1
448 580 1
448 785 1
449 57 1
449 208 1
449 515 1
449 813 1
450 584 1
451 45 1
452 167 1
452 407 1
452 412 1
452 521 1
453 99 1
453 110 1
455 941 1
455 959 1
456 150 1
456 267 1
456 315 1
456 581 1
456 762 1
456 831 1
456 848 1
456 938 1
457 178 1
458 53 1
458 151 1
458 520 1
458 684 1
458 839 1
458 952 1
459 190 1
459 260 1
459 309 1
459 365 1
459 440 1
459 475 1
459 908 1
460 992 1
461 7 1
461 417 1
462 40 1
462 70 1
462 93 1
462 186 1
462 629 1
462 751 1
462 871 1
463 22 1
463 45 1
463 88 1
463 263 1
463 305 1
463 562 1
463 619 1
463 687 1
463 992 1
464 171 1
464 180 1
464 294 1
464 410 1
464 455 1
464 709 1
464 822 1
464 827 1
465 155 1
465 313 1
465 355 1
465 797 1
465 816 1
465 956 1
466 169 1
466 284 1
466 480 1
466 691 1
466 717 1
466 724 1
466 872 1
466 951 1
467 197 1
467 213 1
467 219 1
467 411 1
467 448 1
467 553 1
467 705 1
467 724 1
467 811 1
467 827 1
467 891 1
467 984 1
467 997 1
468 87 1
468 220 1
468 482 1
468 636 1
468 698 1
468 862 1
468 912 1
469 29 1
469 56 1
469 57 1
469 446 1
469 517 1
469 592 1
469 605 1
469 710 1
470 259 1
471 7 1
471 171 1
471 348 1
471 625 1
472 57 1
472 91 1
472 153 1
472 510 1
472 677 1
472 771 1
472 879 1
473 110 1
473 575 1
474 5 1
474 263 1
474 275 1
474 445 1
474 525 1
474 654 1
474 757 1
475 124 1
475 999 1
477 185 1
477 522 1
477 715 1
477 926 1
477 943 1
478 223 1
478 403 1
478 457 1
478 560 1
478 590 1
478 943 1
480 187 1
480 224 1
480 282 1
480 552 1
480 573 1
481 76 1
481 238 1
481 259 1
481 324 1
481 579 1
481 581 1
481 707 1
482 391 1
484 701 1
484 715 1
485 429 1
485 483 1
486 213 1
486 351 1
486 398 1
486 453 1
486 572 1
487 238 1
487 479 1
487 999 1
488 72 1
488 210 1
488 252 1
488 360 1
488 419 1
488 989 1
489 304 1
489 643 1
489 922 1
489 997 1
492 149 1
492 151 1
492 180 1
492 398 1
492 557 1
492 694 1
492 753 1
493 84 1
493 175 1
493 423 1
493 468 1
493 573 1
493 660 1
493 771 1
493 867 1
493 879 1
493 893 1
493 926 1
494 757 1
494 806 1
494 867 1
494 973 1
495 11 1
495 299 1
495 304 1
495 350 1
495 414 1
495 709 1
495 818 1
495 834 1
496 157 1
496 247 1
496 581 1
496 787 1
496 792 1
497 4 1
497 14 1
497 323 1
497 542 1
497 612 1
497 733 1
497 761 1
497 827 1
497 860 1
497 862 1
497 933 1
498 341 1
499 37 1
499 259 1
499 323 1
499 556 1
499 689 1
499 896 1
500 106 1
500 147 1
500 376 1
500 412 1
500 544 1
500 594 1
500 686 1
500 761 1
500 942 1
500 991 1
501 81 1
501 626 1
501 663 1
501 712 1
502 21 1
502 135 1
502 216 1
502 386 1
502 861 1
502 931 1
503 347 1
503 456 1
503 472 1
503 531 1
503 645 1
503 661 1
503 669 1
503 676 1
503 692 1
503 767 1
503 912 1
504 1000 1
504 36 1
504 286 1
504 304 1
504 328 1
504 549 1
504 582 1
504 598 1
504 730 1
504 827 1
505 95 1
505 260 1
505 334 1
505 339 1
505 664 1
505 667 1
505 757 1
505 817 1
505 930 1
505 954 1
506 142 1
506 195 1
506 242 1
506 372 1
506 373 1
506 706 1
506 827 1
506 896 1
507 11 1
507 81 1
507 152 1
507 217 1
507 366 1
507 377 1
507 484 1
507 529 1
507 695 1
507 794 1
507 812 1
507 997 1
508 66 1
508 76 1
508 155 1
509 45 1
509 194 1
509 487 1
509 719 1
510 74 1
510 186 1
510 281 1
510 365 1
510 415 1
510 445 1
510 483 1
510 708 1
510 787 1
510 813 1
510 986 1
511 17 1
511 156 1
511 169 1
511 369 1
511 375 1
511 478 1
511 826 1
512 84 1
512 242 1
512 415 1
512 665 1
513 22 1
513 510 1
513 572 1
513 912 1
513 982 1
514 93 1
514 209 1
514 366 1
514 451 1
514 527 1
514 710 1
515 453 1
515 702 1
515 715 1
515 797 1
515 886 1
516 13 1
516 95 1
516 271 1
516 286 1
516 324 1
516 368 1
516 483 1
516 620 1
516 679 1
516 685 1
516 699 1
516 748 1
517 4 1
517 173 1
517 398 1
517 641 1
518 56 1
518 148 1
518 149 1
518 208 1
518 363 1
518 395 1
518 665 1
518 778 1
518 867 1
519 4 1
519 59 1
519 111 1
519 141 1
519 182 1
519 250 1
519 267 1
519 309 1
519 712 1
519 867 1
519 937 1
520 325 1
520 479 1
521 110 1
521 414 1
521 627 1
521 975 1
522 410 1
522 984 1
523 84 1
523 244 1
523 349 1
523 560 1
523 767 1
523 858 1
523 888 1
524 172 1
524 182 1
524 324 1
524 528 1
524 632 1
524 829 1
524 885 1
525 727 1
526 23 1
526 30 1
526 136 1
526 168 1
526 175 1
526 278 1
526 428 1
526 519 1
526 576 1
526 679 1
526 737 1
526 801 1
526 808 1
527 159 1
527 172 1
527 307 1
527 664 1
527 839 1
528 11 1
528 313 1
528 839 1
529 84 1
530 14 1
530 109 1
530 110 1
530 142 1
530 226 1
530 350 1
530 419 1
530 473 1
530 512 1
530 541 1
530 609 1
530 811 1
530 831 1
531 61 1
531 102 1
531 252 1
531 597 1
531 638 1
531 676 1
531 830 1
533 71 1
533 96 1
533 451 1
533 505 1
533 627 1
533 727 1
533 773 1
533 792 1
533 860 1
533 879 1
533 920 1
534 41 1
534 212 1
534 285 1
534 351 1
535 151 1
535 168 1
535 207 1
535 304 1
535 483 1
535 551 1
535 664 1
535 694 1
535 926 1
536 162 1
536 454 1
536 532 1
536 862 1
536 941 1
537 206 1
537 307 1
537 315 1
537 345 1
537 432 1
537 708 1
537 925 1
537 982 1
538 188 1
538 221 1
538 335 1
538 396 1
538 427 1
538 441 1
538 445 1
538 470 1
538 519 1
538 849 1
539 126 1
539 394 1
539 532 1
539 994 1
540 5 1
540 10 1
540 139 1
540 154 1
540 328 1
540 386 1
540 556 1
540 731 1
540 853 1
540 917 1
541 91 1
541 392 1
541 475 1
541 573 1
541 626 1
542 57 1
542 91 1
542 153 1
542 203 1
542 819 1
543 5 1
543 107 1
543 717 1
543 949 1
544 43 1
544 203 1
544 452 1
544 498 1
545 142 1
545 195 1
545 577 1
545 715 1
545 808 1
545 952 1
545 953 1
547 175 1
547 178 1
547 678 1
548 1000 1
548 56 1
548 319 1
548 371 1
548 380 1
548 389 1
548 464 1
548 517 1
548 545 1
549 271 1
549 487 1
549 508 1
549 573 1
549 577 1
549 620 1
549 968 1
550 125 1
550 269 1
550 341 1
550 525 1
550 602 1
551 429 1
552 220 1
553 182 1
553 307 1
553 451 1
554 328 1
554 441 1
554 457 1
554 702 1
554 826 1
555 68 1
556 45 1
557 27 1
557 156 1
557 213 1
557 219 1
557 306 1
557 450 1
557 632 1
557 685 1
558 159 1
558 362 1
558 386 1
558 405 1
558 447 1
558 612 1
558 716 1
558 755 1
558 853 1
558 872 1
559 651 1
560 197 1
560 345 1
560 575 1
560 664 1
562 774 1
562 948 1
563 181 1
563 244 1
563 310 1
563 536 1
563 590 1
563 612 1
563 631 1
563 648 1
563 965 1
564 773 1
565 1 1
565 76 1
565 142 1
565 266 1
565 307 1
565 362 1
565 446 1
565 764 1
565 796 1
565 872 1
565 923 1
566 618 1
566 627 1
567 114 1
567 377 1
567 462 1
567 591 1
567 643 1
567 965 1
568 76 1
568 208 1
568 252 1
568 283 1
568 324 1
568 412 1
568 566 1
568 587 1
568 650 1
568 709 1
568 735 1
569 34 1
569 94 1
569 223 1
569 382 1
569 726 1
569 884 1
570 5 1
570 72 1
570 394 1
570 955 1
571 256 1
571 260 1
571 451 1
571 465 1
571 488 1
571 714 1
571 755 1
571 993 1
572 375 1
574 99 1
574 231 1
574 570 1
574 642 1
574 693 1
574 774 1
574 896 1
575 220 1
576 815 1
577 643 1
577 656 1
578 76 1
578 171 1
578 660 1
578 743 1
578 758 1
578 863 1
578 905 1
578 995 1
579 2 1
579 84 1
579 451 1
579 590 1
579 896 1
580 291 1
580 653 1
580 966 1
581 28 1
581 124 1
581 638 1
583 80 1
583 155 1
583 211 1
583 229 1
583 257 1
583 278 1
583 604 1
583 912 1
584 182 1
584 621 1
584 636 1
585 135 1
585 169 1
585 275 1
585 413 1
585 482 1
585 584 1
587 532 1
588 418 1
588 430 1
588 554 1
589 85 1
589 532 1
589 687 1
589 843 1
590 307 1
590 520 1
590 858 1
591 278 1
591 310 1
591 445 1
591 495 1
591 566 1
591 596 1
591 684 1
591 875 1
592 259 1
592 312 1
593 359 1
593 673 1
593 963 1
594 178 1
594 387 1
594 422 1
594 483 1
594 559 1
594 587 1
594 678 1
594 965 1
595 37 1
595 159 1
595 185 1
595 232 1
595 233 1
595 374 1
595 512 1
595 520 1
595 713 1
595 745 1
595 758 1
595 767 1
595 964 1
597 162 1
597 399 1
597 529 1
597 626 1
597 877 1
597 987 1
598 61 1
598 148 1
598 232 1
598 261 1
598 334 1
598 484 1
598 503 1
598 555 1
598 707 1
598 746 1
598 793 1
599 5 1
599 95 1
599 125 1
599 323 1
599 522 1
599 676 1
599 685 1
599 727 1
599 811 1
599 982 1
600 51 1
600 223 1
600 287 1
600 345 1
600 347 1
600 414 1
600 896 1
600 994 1
601 256 1
601 495 1
601 638 1
601 708 1
602 53 1
602 182 1
602 275 1
602 432 1
602 622 1
603 320 1
603 532 1
603 647 1
605 760 1
605 815 1
606 179 1
606 312 1
606 391 1
606 407 1
606 412 1
606 521 1
606 638 1
606 692 1
606 717 1
606 772 1
606 884 1
607 88 1
607 95 1
607 334 1
607 442 1
607 445 1
607 451 1
607 524 1
607 569 1
608 245 1
608 391 1
608 862 1
609 16 1
609 245 1
609 525 1
609 555 1
609 653 1
610 53 1
610 588 1
610 632 1
610 700 1
610 976 1
610 995 1
611 18 1
611 41 1
611 81 1
611 211 1
611 441 1
611 513 1
611 590 1
611 613 1
611 723 1
611 766 1
611 847 1
611 851 1
611 943 1
612 173 1
612 208 1
612 213 1
612 443 1
612 482 1
612 787 1
613 320 1
613 365 1
613 423 1
613 824 1
613 909 1
614 7 1
614 11 1
614 335 1
614 402 1
614 542 1
614 743 1
614 990 1
615 63 1
615 159 1
615 286 1
615 433 1
615 495 1
615 735 1
615 825 1
616 280 1
616 667 1
616 876 1
616 948 1
617 270 1
617 299 1
617 359 1
617 366 1
617 371 1
617 380 1
617 474 1
617 487 1
617 527 1
617 581 1
617 902 1
618 288 1
618 685 1
619 87 1
619 173 1
619 200 1
619 361 1
619 392 1
619 656 1
620 411 1
620 627 1
620 691 1
621 702 1
623 177 1
623 197 1
623 327 1
623 669 1
624 382 1
625 454 1
625 564 1
625 776 1
625 826 1
626 890 1
626 975 1
627 470 1
627 555 1
627 955 1
628 81 1
628 154 1
628 284 1
628 405 1
628 408 1
628 411 1
628 602 1
628 624 1
628 860 1
630 14 1
630 258 1
630 673 1
630 778 1
630 853 1
630 875 1
631 659 1
632 443 1
632 556 1
633 111 1
633 208 1
633 256 1
633 260 1
633 380 1
633 475 1
634 143 1
634 147 1
634 152 1
634 160 1
634 297 1
634 390 1
634 448 1
634 463 1
634 490 1
634 650 1
634 947 1
634 989 1
635 23 1
635 41 1
635 127 1
635 219 1
635 505 1
635 506 1
635 599 1
635 606 1
635 759 1
635 837 1
635 993 1
636 573 1
636 654 1
637 51 1
637 80 1
637 112 1
638 375 1
638 429 1
639 385 1
639 402 1
639 409 1
639 564 1
639 601 1
639 651 1
639 782 1
639 959 1
640 10 1
640 28 1
640 94 1
640 180 1
640 200 1
640 959 1
640 987 1
641 5 1
641 819 1
642 821 1
643 180 1
644 265 1
644 797 1
644 940 1
645 128 1
645 355 1
645 755 1
645 891 1
645 982 1
646 32 1
646 102 1
646 263 1
646 279 1
646 675 1
646 896 1
647 397 1
648 760 1
649 79 1
649 285 1
649 310 1
649 556 1
649 692 1
650 491 1
650 591 1
650 651 1
650 961 1
652 10 1
652 327 1
652 360 1
652 415 1
652 527 1
653 180 1
653 284 1
653 647 1
653 842 1
653 926 1
655 32 1
655 306 1
655 348 1
655 541 1
655 705 1
655 834 1
655 987 1
656 382 1
656 453 1
657 200 1
657 256 1
657 258 1
657 276 1
657 278 1
657 281 1
657 701 1
657 712 1
657 784 1
657 851 1
658 100 1
658 351 1
658 383 1
658 412 1
658 440 1
658 498 1
658 554 1
658 668 1
658 689 1
658 842 1
658 933 1
660 148 1
660 260 1
660 314 1
660 446 1
660 523 1
660 573 1
660 710 1
660 784 1
660 990 1
661 91 1
661 141 1
661 446 1
661 627 1
661 769 1
661 983 1
662 298 1
662 693 1
663 38 1
663 177 1
663 210 1
663 513 1
664 847 1
665 429 1
665 476 1
665 625 1
665 654 1
666 90 1
666 259 1
666 404 1
666 770 1
666 820 1
666 869 1
667 961 1
669 81 1
669 312 1
670 258 1
670 606 1
671 80 1
671 551 1
671 580 1
671 725 1
671 788 1
671 955 1
672 536 1
672 656 1
673 388 1
673 491 1
673 528 1
673 573 1
673 693 1
674 266 1
674 315 1
674 389 1
674 442 1
674 485 1
674 496 1
674 566 1
674 769 1
675 271 1
675 380 1
675 640 1
676 268 1
676 380 1
676 486 1
676 748 1
677 109 1
677 174 1
677 178 1
677 224 1
677 242 1
677 314 1
677 892 1
679 1000 1
679 584 1
679 643 1
679 960 1
680 349 1
680 587 1
680 594 1
680 820 1
680 937 1
680 981 1
680 990 1
681 111 1
681 129 1
681 362 1
681 645 1
681 823 1
682 83 1
682 304 1
683 260 1
683 561 1
683 787 1
683 985 1
684 80 1
684 83 1
684 213 1
684 254 1
684 324 1
684 328 1
684 566 1
684 817 1
684 831 1
686 320 1
686 694 1
687 167 1
687 457 1
688 45 1
688 151 1
688 325 1
688 622 1
688 771 1
689 81 1
689 99 1
689 119 1
689 291 1
689 688 1
690 94 1
690 256 1
690 440 1
690 486 1
690 548 1
690 686 1
690 782 1
690 813 1
690 933 1
690 986 1
691 208 1
691 890 1
692 870 1
693 80 1
693 157 1
693 485 1
694 757 1
694 783 1
694 845 1
695 277 1
695 575 1
695 820 1
696 51 1
696 68 1
696 126 1
696 156 1
696 347 1
696 377 1
696 482 1
696 900 1
696 980 1
697 90 1
697 141 1
697 251 1
697 327 1
697 483 1
697 826 1
698 343 1
698 616 1
698 700 1
698 730 1
698 956 1
699 76 1
699 104 1
699 473 1
699 622 1
699 813 1
700 167 1
700 425 1
701 27 1
701 586 1
701 691 1
701 994 1
702 368 1
703 164 1
703 211 1
703 235 1
703 242 1
703 292 1
703 358 1
703 444 1
703 446 1
703 574 1
703 604 1
703 792 1
703 909 1
704 194 1
704 405 1
704 479 1
704 485 1
704 507 1
704 988 1
705 612 1
705 687 1
706 119 1
706 730 1
706 809 1
706 995 1
707 148 1
707 156 1
707 315 1
707 709 1
708 896 1
709 244 1
710 2 1
710 349 1
710 379 1
710 391 1
710 692 1
711 110 1
711 122 1
711 575 1
711 642 1
711 884 1
711 981 1
712 169 1
712 254 1
712 422 1
712 487 1
713 204 1
713 265 1
713 653 1
713 720 1
713 849 1
713 947 1
714 67 1
714 161 1
714 199 1
714 216 1
714 245 1
714 422 1
714 469 1
714 540 1
714 554 1
714 633 1
714 999 1
716 197 1
717 40 1
717 87 1
717 263 1
717 387 1
717 413 1
717 429 1
717 518 1
717 551 1
717 561 1
717 589 1
717 992 1
718 143 1
718 240 1
718 245 1
718 339 1
718 352 1
718 484 1
718 555 1
718 626 1
718 706 1
718 839 1
719 312 1
719 837 1
720 157 1
720 284 1
720 410 1
720 774 1
721 26 1
721 172 1
721 404 1
721 556 1
721 589 1
721 609 1
721 647 1
721 716 1
721 787 1
721 821 1
721 884 1
722 197 1
722 391 1
723 150 1
723 335 1
723 386 1
723 404 1
723 451 1
723 482 1
723 849 1
723 947 1
723 976 1
723 997 1
724 49 1
724 85 1
724 402 1
724 440 1
724 784 1
724 830 1
724 844 1
724 947 1
725 349 1
725 411 1
725 592 1
726 603 1
726 788 1
726 908 1
726 942 1
728 176 1
728 222 1
728 276 1
728 694 1
728 947 1
728 955 1
729 10 1
729 246 1
729 422 1
729 960 1
730 219 1
730 234 1
730 310 1
730 711 1
730 760 1
731 478 1
731 555 1
732 76 1
732 475 1
732 491 1
732 898 1
733 65 1
733 211 1
733 384 1
733 386 1
733 653 1
733 745 1
733 834 1
733 967 1
734 37 1
734 148 1
734 523 1
734 603 1
735 56 1
735 399 1
735 433 1
735 651 1
735 665 1
735 671 1
735 773 1
735 815 1
735 854 1
736 111 1
736 322 1
736 395 1
736 455 1
736 560 1
736 581 1
736 597 1
736 731 1
736 830 1
736 997 1
738 169 1
738 247 1
738 260 1
738 291 1
738 440 1
738 587 1
738 716 1
738 830 1
739 16 1
739 294 1
739 459 1
739 735 1
739 778 1
739 782 1
740 16 1
740 96 1
740 734 1
740 931 1
741 52 1
741 306 1
741 450 1
741 689 1
741 898 1
742 257 1
742 270 1
742 671 1
742 735 1
742 771 1
742 810 1
743 91 1
743 908 1
743 919 1
744 78 1
744 344 1
744 366 1
744 424 1
744 452 1
744 479 1
744 672 1
744 679 1
744 700 1
744 754 1
744 785 1
744 809 1
745 167 1
745 303 1
745 327 1
745 422 1
745 520 1
745 913 1
746 470 1
746 547 1
746 578 1
746 740 1
747 214 1
747 278 1
747 309 1
747 389 1
747 673 1
747 797 1
747 806 1
747 818 1
747 979 1
749 796 1
749 797 1
750 57 1
750 206 1
750 255 1
750 531 1
750 695 1
750 815 1
750 961 1
751 126 1
751 553 1
752 79 1
752 128 1
752 320 1
752 566 1
752 708 1
753 398 1
754 106 1
754 111 1
754 143 1
754 153 1
754 221 1
754 484 1
754 670 1
754 761 1
754 782 1
754 824 1
754 848 1
754 871 1
754 993 1
755 268 1
755 430 1
755 476 1
755 602 1
755 732 1
755 843 1
755 879 1
756 33 1
756 162 1
756 170 1
756 238 1
756 256 1
756 490 1
756 794 1
756 909 1
756 950 1
756 962 1
757 281 1
757 570 1
758 5 1
758 411 1
758 603 1
758 653 1
759 122 1
759 314 1
759 691 1
759 926 1
759 943 1
761 41 1
761 826 1
762 255 1
762 258 1
762 442 1
762 475 1
762 643 1
762 708 1
762 917 1
763 197 1
763 354 1
763 386 1
763 403 1
763 586 1
763 668 1
763 684 1
763 686 1
763 813 1
763 855 1
763 890 1
763 965 1
764 116 1
764 454 1
764 521 1
764 546 1
764 562 1
764 701 1
764 774 1
766 7 1
766 115 1
766 194 1
766 451 1
766 616 1
766 895 1
767 182 1
767 208 1
767 651 1
768 391 1
768 496 1
768 699 1
770 50 1
770 59 1
770 85 1
770 212 1
770 219 1
770 222 1
770 523 1
770 613 1
772 157 1
772 265 1
772 461 1
772 577 1
772 614 1
772 712 1
772 778 1
773 425 1
774 490 1
774 961 1
775 29 1
775 46 1
775 206 1
775 423 1
775 435 1
775 565 1
775 649 1
775 771 1
775 883 1
775 900 1
777 148 1
777 211 1
777 380 1
777 445 1
777 483 1
777 760 1
777 896 1
779 172 1
779 355 1
779 409 1
779 498 1
779 522 1
779 675 1
780 57 1
780 160 1
780 218 1
780 280 1
780 339 1
780 461 1
780 475 1
780 513 1
780 558 1
780 690 1
780 788 1
780 977 1
781 242 1
781 259 1
781 354 1
781 364 1
781 437 1
781 489 1
781 532 1
781 621 1
781 642 1
781 747 1
781 794 1
781 830 1
781 948 1
781 992 1
782 10 1
782 479 1
782 961 1
784 213 1
784 295 1
784 785 1
784 797 1
785 837 1
786 297 1
786 476 1
786 700 1
787 325 1
787 625 1
788 382 1
788 667 1
788 917 1
788 961 1
789 28 1
789 38 1
789 96 1
789 102 1
789 243 1
789 249 1
789 301 1
789 345 1
789 374 1
789 606 1
789 888 1
790 408 1
790 547 1
790 590 1
790 631 1
790 755 1
790 773 1
791 173 1
791 312 1
791 353 1
791 376 1
791 401 1
791 642 1
791 646 1
791 695 1
791 766 1
791 771 1
791 845 1
791 887 1
791 968 1
792 406 1
792 417 1
792 559 1
792 955 1
793 76 1
793 299 1
793 643 1
793 669 1
793 904 1
793 973 1
794 81 1
794 260 1
795 103 1
795 121 1
795 138 1
795 350 1
795 481 1
795 521 1
795 975 1
796 7 1
796 335 1
796 417 1
796 498 1
798 159 1
798 250 1
798 359 1
798 465 1
798 518 1
798 609 1
798 718 1
798 732 1
798 785 1
798 944 1
798 949 1
799 70 1
799 143 1
799 213 1
799 344 1
799 523 1
800 68 1
800 149 1
800 156 1
800 315 1
800 527 1
800 551 1
800 581 1
800 935 1
800 947 1
800 956 1
801 200 1
801 256 1
801 551 1
801 767 1
801 867 1
802 62 1
802 77 1
802 275 1
802 287 1
802 465 1
802 563 1
802 614 1
803 27 1
803 185 1
803 209 1
803 229 1
803 354 1
803 391 1
803 464 1
803 489 1
803 544 1
804 95 1
804 251 1
804 315 1
804 350 1
804 425 1
804 569 1
804 626 1
804 711 1
805 52 1
805 122 1
805 230 1
805 233 1
805 301 1
805 315 1
805 407 1
805 434 1
805 477 1
805 514 1
805 619 1
805 666 1
805 908 1
805 957 1
806 403 1
806 419 1
806 425 1
806 573 1
806 665 1
806 769 1
806 825 1
807 28 1
807 309 1
807 312 1
807 590 1
808 94 1
808 941 1
809 2 1
809 88 1
809 181 1
809 211 1
809 219 1
809 587 1
810 104 1
810 134 1
810 173 1
810 300 1
810 312 1
810 833 1
811 314 1
811 392 1
811 423 1
811 451 1
811 774 1
811 917 1
812 4 1
812 37 1
812 161 1
812 252 1
812 348 1
812 370 1
812 372 1
812 408 1
812 425 1
812 614 1
812 999 1
814 74 1
814 145 1
814 372 1
814 405 1
814 509 1
814 525 1
814 574 1
814 580 1
814 630 1
814 757 1
815 307 1
816 21 1
816 172 1
816 197 1
816 282 1
816 482 1
816 660 1
816 675 1
816 753 1
816 809 1
816 822 1
817 87 1
817 557 1
817 787 1
819 685 1
819 783 1
820 575 1
821 551 1
821 582 1
821 654 1
822 181 1
822 358 1
822 380 1
822 563 1
822 790 1
823 35 1
823 36 1
823 63 1
823 89 1
823 296 1
823 454 1
823 506 1
823 619 1
823 882 1
823 942 1
824 175 1
824 284 1
824 351 1
824 425 1
824 777 1
824 782 1
825 153 1
825 263 1
825 288 1
825 525 1
825 813 1
826 397 1
827 38 1
827 162 1
827 222 1
827 397 1
827 461 1
827 633 1
827 767 1
827 843 1
828 1 1
828 28 1
828 102 1
828 247 1
828 455 1
828 492 1
828 680 1
828 752 1
829 143 1
829 898 1
830 361 1
830 727 1
830 867 1
831 53 1
831 241 1
831 604 1
831 737 1
832 134 1
832 228 1
832 414 1
832 450 1
832 688 1
832 749 1
832 790 1
833 59 1
833 137 1
833 271 1
833 421 1
833 448 1
833 449 1
833 484 1
833 530 1
833 671 1
833 672 1
833 761 1
833 975 1
833 986 1
834 1000 1
834 450 1
834 760 1
835 129 1
835 380 1
835 463 1
835 483 1
835 565 1
835 639 1
835 651 1
835 740 1
835 752 1
835 851 1
835 886 1
835 959 1
836 123 1
836 327 1
836 359 1
836 491 1
836 596 1
836 757 1
836 831 1
836 992 1
838 27 1
838 109 1
838 213 1
838 395 1
838 414 1
838 572 1
838 579 1
838 847 1
838 883 1
838 912 1
838 973 1
840 34 1
840 58 1
840 98 1
840 116 1
840 377 1
840 409 1
840 412 1
840 491 1
840 516 1
840 587 1
840 849 1
840 917 1
841 862 1
842 203 1
843 4 1
843 100 1
843 167 1
843 625 1
843 686 1
843 898 1
844 57 1
844 205 1
844 210 1
844 394 1
844 689 1
844 826 1
844 999 1
845 61 1
845 461 1
845 473 1
845 536 1
845 854 1
846 51 1
846 244 1
846 665 1
846 847 1
848 480 1
848 518 1
848 655 1
848 801 1
848 948 1
849 5 1
849 161 1
849 184 1
849 207 1
849 542 1
849 603 1
849 692 1
849 712 1
849 903 1
849 979 1
850 21 1
850 29 1
850 214 1
850 314 1
850 358 1
850 364 1
850 657 1
850 712 1
850 743 1
850 828 1
850 906 1
850 922 1
850 978 1
850 987 1
851 3 1
851 114 1
851 385 1
851 737 1
852 108 1
852 151 1
852 224 1
852 263 1
852 312 1
852 332 1
853 27 1
853 38 1
853 55 1
853 56 1
853 210 1
853 636 1
853 678 1
853 786 1
853 826 1
853 955 1
854 629 1
854 687 1
854 898 1
855 41 1
855 49 1
855 65 1
855 78 1
855 215 1
855 390 1
855 446 1
855 481 1
855 563 1
855 893 1
855 998 1
856 205 1
856 415 1
856 489 1
856 576 1
856 613 1
856 622 1
856 643 1
856 842 1
856 975 1
857 95 1
857 160 1
857 350 1
857 523 1
857 606 1
857 932 1
859 56 1
859 254 1
859 257 1
859 513 1
859 563 1
859 691 1
859 728 1
859 922 1
859 982 1
859 986 1
860 490 1
860 532 1
860 896 1
860 983 1
861 575 1
862 313 1
862 414 1
862 442 1
863 293 1
863 716 1
863 788 1
864 116 1
864 217 1
864 384 1
864 405 1
864 434 1
864 544 1
864 609 1
864 639 1
864 715 1
864 867 1
864 873 1
864 928 1
865 258 1
865 280 1
865 305 1
865 762 1
865 958 1
866 190 1
866 483 1
866 561 1
866 783 1
868 126 1
868 178 1
868 287 1
868 299 1
868 331 1
868 369 1
868 520 1
868 536 1
868 720 1
868 789 1
869 312 1
871 197 1
871 254 1
871 307 1
871 576 1
871 619 1
871 890 1
872 356 1
872 787 1
872 797 1
873 147 1
873 180 1
873 232 1
873 255 1
873 256 1
873 383 1
873 388 1
873 419 1
873 437 1
873 444 1
873 874 1
874 104 1
874 142 1
874 147 1
874 296 1
874 366 1
874 529 1
874 534 1
875 89 1
875 184 1
875 190 1
875 445 1
875 562 1
875 621 1
876 194 1
876 314 1
876 403 1
876 453 1
877 413 1
877 485 1
877 560 1
877 837 1
878 55 1
878 316 1
878 352 1
878 438 1
878 996 1
879 210 1
880 16 1
880 222 1
880 297 1
880 487 1
880 719 1
880 752 1
881 99 1
881 102 1
881 155 1
881 185 1
881 422 1
881 491 1
881 569 1
881 694 1
881 935 1
881 956 1
881 994 1
882 182 1
882 287 1
882 448 1
882 834 1
882 992 1
883 10 1
883 11 1
883 78 1
883 80 1
883 109 1
883 415 1
883 711 1
883 820 1
884 91 1
884 305 1
884 482 1
884 831 1
885 74 1
885 99 1
885 361 1
885 374 1
885 959 1
885 967 1
886 948 1
887 50 1
887 388 1
887 656 1
887 709 1
888 45 1
888 398 1
888 797 1
888 992 1
889 75 1
889 244 1
889 267 1
889 366 1
889 749 1
889 947 1
891 178 1
891 224 1
891 778 1
891 879 1
891 972 1
893 249 1
893 304 1
893 355 1
893 383 1
893 417 1
893 472 1
893 581 1
893 771 1
893 856 1
893 949 1
894 96 1
894 219 1
894 285 1
894 293 1
894 307 1
894 335 1
894 446 1
895 83 1
895 257 1
895 273 1
895 566 1
895 573 1
895 701 1
895 993 1
897 305 1
897 479 1
897 813 1
898 210 1
898 983 1
899 372 1
899 611 1
900 40 1
900 115 1
900 201 1
900 487 1
900 684 1
900 794 1
901 18 1
901 122 1
901 131 1
901 178 1
901 180 1
901 195 1
901 256 1
901 288 1
901 449 1
901 480 1
901 614 1
901 774 1
901 954 1
902 55 1
902 210 1
902 716 1
902 947 1
902 972 1
903 19 1
903 263 1
903 361 1
903 394 1
903 469 1
903 551 1
903 898 1
903 960 1
903 984 1
904 16 1
905 141 1
905 171 1
905 293 1
905 358 1
905 404 1
905 430 1
905 469 1
905 637 1
905 673 1
905 834 1
905 902 1
906 26 1
906 139 1
906 366 1
906 417 1
906 738 1
906 796 1
907 338 1
907 565 1
907 613 1
907 807 1
907 821 1
907 908 1
908 410 1
909 469 1
909 621 1
909 811 1
909 955 1
909 999 1
910 72 1
910 179 1
910 190 1
910 216 1
910 365 1
910 385 1
910 395 1
910 414 1
910 516 1
910 603 1
910 680 1
910 927 1
911 257 1
911 267 1
911 393 1
911 953 1
912 89 1
912 223 1
912 384 1
912 498 1
912 527 1
912 600 1
913 298 1
913 446 1
913 576 1
914 13 1
914 51 1
914 143 1
914 274 1
914 294 1
914 419 1
914 660 1
914 846 1
915 80 1
915 139 1
915 190 1
915 378 1
915 534 1
915 739 1
915 892 1
915 984 1
916 32 1
916 453 1
916 531 1
916 741 1
916 834 1
916 958 1
917 175 1
917 219 1
917 647 1
917 783 1
918 46 1
918 171 1
918 306 1
918 405 1
918 453 1
918 582 1
918 619 1
918 671 1
918 687 1
919 11 1
919 19 1
919 27 1
919 523 1
919 547 1
919 815 1
920 99 1
920 144 1
920 203 1
920 221 1
920 254 1
920 465 1
920 541 1
920 629 1
920 845 1
920 958 1
920 973 1
921 241 1
921 356 1
921 386 1
921 692 1
921 819 1
921 958 1
922 691 1
922 787 1
923 119 1
923 156 1
923 262 1
923 529 1
923 562 1
923 688 1
923 787 1
923 961 1
924 91 1
924 104 1
924 197 1
924 257 1
924 555 1
924 712 1
924 720 1
924 725 1
924 774 1
924 795 1
924 909 1
924 911 1
925 30 1
925 151 1
925 334 1
925 365 1
925 724 1
925 794 1
925 807 1
926 61 1
926 119 1
926 479 1
926 678 1
926 815 1
927 39 1
927 396 1
927 707 1
927 900 1
928 627 1
929 83 1
929 175 1
929 439 1
929 527 1
929 559 1
929 593 1
929 879 1
929 889 1
929 995 1
930 19 1
930 96 1
930 569 1
930 727 1
930 752 1
930 866 1
930 885 1
931 61 1
931 145 1
931 398 1
931 405 1
931 414 1
931 608 1
931 776 1
931 961 1
931 992 1
932 125 1
932 205 1
932 350 1
932 475 1
932 794 1
933 440 1
933 490 1
933 794 1
933 875 1
933 948 1
933 957 1
934 70 1
934 185 1
934 186 1
934 331 1
934 383 1
934 412 1
934 426 1
934 497 1
934 593 1
934 833 1
934 922 1
934 953 1
934 962 1
935 181 1
935 208 1
935 418 1
935 518 1
935 560 1
935 561 1
935 727 1
935 770 1
935 796 1
936 154 1
936 384 1
936 393 1
936 524 1
936 590 1
936 619 1
936 761 1
936 847 1
936 979 1
937 37 1
937 52 1
937 392 1
937 484 1
937 667 1
937 829 1
939 369 1
939 420 1
939 450 1
939 477 1
939 585 1
939 648 1
939 739 1
939 853 1
940 160 1
940 258 1
940 331 1
940 436 1
940 497 1
940 556 1
940 560 1
940 628 1
940 745 1
940 796 1
942 325 1
942 612 1
942 870 1
943 260 1
943 314 1
943 842 1
944 249 1
944 396 1
944 507 1
944 535 1
944 541 1
944 551 1
945 242 1
945 312 1
945 342 1
945 461 1
945 848 1
945 942 1
946 255 1
946 447 1
946 551 1
946 603 1
946 902 1
947 361 1
949 143 1
949 174 1
949 388 1
949 587 1
949 870 1
949 984 1
950 352 1
950 737 1
950 981 1
951 5 1
951 256 1
951 953 1
952 14 1
952 19 1
952 40 1
952 137 1
952 145 1
952 152 1
952 197 1
952 580 1
952 705 1
952 909 1
953 847 1
954 206 1
954 304 1
954 806 1
954 916 1
954 965 1
956 85 1
956 406 1
956 417 1
956 807 1
956 984 1
957 186 1
957 211 1
957 310 1
957 372 1
957 620 1
957 621 1
957 797 1
957 826 1
957 958 1
957 990 1
958 181 1
958 702 1
958 966 1
959 157 1
959 305 1
959 413 1
959 691 1
959 776 1
960 2 1
960 210 1
960 727 1
960 758 1
960 890 1
960 922 1
962 429 1
962 629 1
963 3 1
963 409 1
963 573 1
963 624 1
963 630 1
963 801 1
963 880 1
963 959 1
964 102 1
964 154 1
964 242 1
964 267 1
964 272 1
964 430 1
964 609 1
964 622 1
964 741 1
964 794 1
965 719 1
966 277 1
966 314 1
967 178 1
967 566 1
967 688 1
967 813 1
968 37 1
968 103 1
968 200 1
968 232 1
968 311 1
968 542 1
968 863 1
968 898 1
968 902 1
968 979 1
968 983 1
969 1 1
969 537 1
969 649 1
969 722 1
969 804 1
969 925 1
969 984 1
970 230 1
970 418 1
970 459 1
970 768 1
970 828 1
970 830 1
971 20 1
971 282 1
971 512 1
971 833 1
971 863 1
971 864 1
971 910 1
971 931 1
973 148 1
973 254 1
973 592 1
973 688 1
973 928 1
974 93 1
974 96 1
974 221 1
974 327 1
974 379 1
974 556 1
975 45 1
975 57 1
975 119 1
975 643 1
975 942 1
976 209 1
976 403 1
976 435 1
976 464 1
976 824 1
976 831 1
976 838 1
976 953 1
977 149 1
977 193 1
977 259 1
977 263 1
977 278 1
977 334 1
977 370 1
977 456 1
977 550 1
978 37 1
978 83 1
978 87 1
978 94 1
978 145 1
978 157 1
978 167 1
978 242 1
978 284 1
978 328 1
978 489 1
978 493 1
978 497 1
978 512 1
978 599 1
978 823 1
978 857 1
978 899 1
978 900 1
979 460 1
979 562 1
979 737 1
979 786 1
980 129 1
980 523 1
980 830 1
980 962 1
981 210 1
981 314 1
981 451 1
982 177 1
982 278 1
982 520 1
982 643 1
982 909 1
982 987 1
983 29 1
985 95 1
985 190 1
985 347 1
985 438 1
985 483 1
985 560 1
985 573 1
985 616 1
986 2 1
986 33 1
986 53 1
986 288 1
986 676 1
986 992 1
987 68 1
987 167 1
987 181 1
987 380 1
987 603 1
988 115 1
988 156 1
988 255 1
988 288 1
988 290 1
988 360 1
988 620 1
988 705 1
988 947 1
989 5 1
989 305 1
989 343 1
989 348 1
989 698 1
989 724 1
989 884 1
989 986 1
990 345 1
990 898 1
990 904 1
991 157 1
991 166 1
991 240 1
991 288 1
991 418 1
991 709 1
991 770 1
991 834 1
991 872 1
992 379 1
992 715 1
993 90 1
993 505 1
993 510 1
993 669 1
993 919 1
993 984 1
994 95 1
994 173 1
994 397 1
994 773 1
994 870 1
995 21 1
995 157 1
995 203 1
995 259 1
995 373 1
995 475 1
995 557 1
995 575 1
995 753 1
995 758 1
995 869 1
996 3 1
996 212 1
996 325 1
996 509 1
996 953 1
997 417 1
997 570 1
997 761 1
997 862 1
998 13 1
998 283 1
998 315 1
998 495 1
998 531 1
998 555 1
998 923 1
999 180 1
999 965 1
20 5 11 19 20 10 4 10 14 1 10 1 13 8 15 10 18 13 10 19 15 17 10 3 5 14 1 2 2 7 10 17 9 12 5 19 14 6 20 4 10 16 2 19 15 5 11 15 12 14 9 20 13 13 20 8 2 7 10 9 10 7 19 8 18 20 15 1 20 13 16 8 16 1 4 15 18 6 12 10 6 3 16 11 16 17 4 4 11 18 15 4 13 1 2 1 1 11 7 7 14 3 5 9 8 14 20 2 6 14 11 5 19 12 10 6 17 13 9 16 20 10 20 3 7 4 12 11 5 19 17 11 15 19 5 8 15 2 11 3 18 5 2 10 19 13 12 16 8 2 13 11 1 6 13 18 19 13 9 9 7 1 3 4 8 6 16 10 19 16 5 6 19 8 6 3 2 2 1 1 20 20 2 19 14 8 3 2 6 7 13 16 17 14 8 19 17 4 20 20 14 6 20 7 1 3 15 9 17 3 2 1 6 18 5 6 19 19 10 10 11 19 20 4 17 13 9 2 6 19 20 5 3 18 14 19 19 5 12 15 3 8 13 13 10 8 3 17 13 14 5 14 16 13 2 8 5 13 20 15 1 18 4 15 14 10 19 13 18 3 3 12 19 9 1 20 11 16 6 4 6 7 8 3 6 3 19 2 7 4 17 1 13 3 3 4 20 9 14 13 10 16 3 3 3 14 7 11 18 15 11 11 4 1 8 3 8 8 10 4 10 16 11 13 20 6 15 14 3 7 3 19 6 16 15 17 2 11 9 20 11 19 14 17 10 4 20 17 20 18 9 19 14 11 18 18 15 16 18 1 17 16 7 16 7 5 13 2 13 4 15 13 1 8 10 11 12 11 4 14 19 5 10 6 4 4 11 4 14 5 1 11 4 15 1 11 5 16 11 1 10 14 20 14 13 13 13 17 15 16 17 20 20 6 6 3 10 11 5 11 16 12 12 14 18 18 6 20 19 12 2 16 19 15 12 1 7 15 6 3 1 2 18 6 17 17 6 16 6 19 4 4 18 1 8 11 14 16 1 8 2 10 7 9 6 8 12 8 18 2 20 16 20 1 4 20 11 13 16 6 11 6 1 14 16 17 15 14 12 1 10 10 6 13 8 17 5 18 3 14 11 12 5 17 7 5 18 10 17 11 9 13 13 11 19 5 1 12 5 11 13 17 10 18 14 19 14 16 7 7 13 15 5 20 7 19 1 14 16 17 5 6 5 5 4 14 3 6 2 5 16 1 15 16 4 12 15 16 17 13 20 4 19 4 10 20 11 19 1 20 15 12 12 18 8 13 20 7 8 19 7 1 11 1 20 18 17 5 1 5 4 1 13 2 5 20 11 12 9 20 12 15 11 16 13 9 13 6 1 6 7 2 3 3 14 19 3 3 4 8 19 6 13 20 8 7 9 15 11 5 2 12 19 19 14 19 13 20 2 8 12 15 15 7 3 4 12 19 20 11 5 14 2 2 19 6 15 9 9 2 8 3 11 5 15 12 2 15 8 18 18 11 16 18 8 4 14 19 14 9 11 10 17 9 2 9 9 11 9 6 5 11 7 13 3 13 19 2 3 15 13 20 16 19 20 3 15 3 5 1 17 16 16 1 19 15 14 12 13 14 2 4 20 16 12 15 9 20 10 1 4 4 9 5 5 11 18 2 3 3 16 1 15 17 20 14 4 7 3 7 9 5 14 9 14 1 14 10 13 12 6 18 9 13 4 19 10 8 6 7 1 1 3 8 17 8 5 6 3 13 8 13 18 10 13 7 20 12 10 18 6 11 3 15 19 18 17 14 1 18 14 18 8 20 9 17 15 9 5 17 12 18 6 11 12 17 3 8 1 11 11 10 14 10 19 13 13 11 9 19 3 8 12 15 20 4 19 17 5 19 11 11 4 13 13 8 15 4 1 10 10 9 14 15 11 5 19 12 4 1 8 13 16 16 18 6 2 9 4 12 19 16 7 13 6 2 1 16 7 5 14 12 2 7 3 20 11 16 4 13 15 7 14 9 12 16 6 19 1 16 9 13 1 6 1 5 7 6 17 1 8 13 6 10 9 4 17 10 16 6 17 14 18 9 13 11 3 13 11 3 17 19 6 8 10 17 2 12 14 12 2 16 18 12 5 19 4 8 14 4 7 4 18 5 6 3 16 2 5 19 9 12 7 1 18 10 8 7 12 7 3 12 19 20 13 2 15 1 14 19 11 3 12 6 19 12 6 2 5 11 13 9 4 11 3 15 11 3 13 5 
0 0

__________________________________________
Output:

263
533 71 723 976 838 912 384 518 395 311 350 600 223 291 141 922 787 625 564 773 425

Task	EC	LC	Slack
1	80	110	30
2	135	247	112
3	116	200	84
4	155	230	75
5	216	241	25
6	64	227	163
7	193	247	54
8	35	51	16
9	14	91	77
10	109	251	142
11	155	202	47
12	1	110	109
13	106	205	99
14	62	158	96
15	34	90	56
16	218	263	45
17	39	103	64
18	48	77	29
19	138	263	125
20	22	216	194
21	173	243	70
22	140	242	102
23	99	243	144
24	3	83	80
25	13	36	23
26	59	87	28
27	174	192	18
28	149	204	55
29	223	263	40
30	45	197	152
31	10	20	10
32	109	225	116
33	98	263	165
34	115	203	88
35	45	100	55
36	59	181	122
37	223	241	18
38	135	212	77
39	60	116	56
40	95	175	80
41	233	254	21
42	203	246	43
43	41	54	13
44	19	32	13
45	251	263	12
46	22	121	99
47	124	231	107
48	15	25	10
49	98	175	77
50	84	112	28
51	189	243	54
52	169	224	55
53	170	247	77
54	21	67	46
55	135	217	82
56	137	227	90
57	191	234	43
58	26	26	0
59	113	223	110
60	9	27	18
61	190	263	73
62	25	59	34
63	74	87	13
64	8	29	21
65	54	132	78
66	99	207	108
67	39	91	52
68	181	257	76
69	20	50	30
70	104	151	47
71	21	21	0
72	204	244	40
73	51	97	46
74	133	241	108
75	104	128	24
76	152	263	111
77	36	150	114
78	103	128	25
79	81	230	149
80	146	244	98
81	199	243	44
82	3	58	55
83	138	223	85
84	154	263	109
85	114	192	78
86	17	38	21
87	129	206	77
88	103	201	98
89	119	139	20
90	72	91	19
91	169	221	52
92	99	185	86
93	171	243	72
94	150	232	82
95	172	207	35
96	65	199	134
97	1	85	84
98	63	124	61
99	186	263	77
100	129	263	134
101	34	197	163
102	98	145	47
103	89	130	41
104	135	242	107
105	53	115	62
106	40	43	3
107	125	263	138
108	11	220	209
109	103	231	128
110	209	261	52
111	106	217	111
112	141	263	122
113	76	161	85
114	93	206	113
115	70	183	113
116	73	187	114
117	17	77	60
118	40	182	142
119	242	263	21
120	16	52	36
121	237	263	26
122	158	228	70
123	149	213	64
124	185	245	60
125	103	189	86
126	104	235	131
127	32	140	108
128	80	192	112
129	74	115	41
130	44	100	56
131	52	95	43
132	11	78	67
133	15	64	49
134	42	84	42
135	40	194	154
136	27	55	28
137	69	213	144
138	149	155	6
139	85	129	44
140	16	63	47
141	196	196	0
142	50	135	85
143	163	242	79
144	21	110	89
145	129	182	53
146	13	57	44
147	57	142	85
148	239	257	18
149	116	259	143
150	70	247	177
151	171	245	74
152	87	173	86
153	136	195	59
154	94	146	52
155	110	205	95
156	191	250	59
157	207	263	56
158	13	75	62
159	122	234	112
160	39	70	31
161	101	121	20
162	195	253	58
163	24	54	30
164	20	178	158
165	34	80	46
166	33	126	93
167	215	263	48
168	57	139	82
169	132	177	45
170	37	95	58
171	160	258	98
172	155	243	88
173	211	263	52
174	127	244	117
175	184	258	74
176	96	162	66
177	62	199	137
178	215	263	48
179	54	179	125
180	174	246	72
181	219	263	44
182	252	263	11
183	2	28	26
184	110	163	53
185	130	244	114
186	99	197	98
187	73	227	154
188	16	45	29
189	6	36	30
190	195	263	68
191	29	149	120
192	16	34	18
193	45	102	57
194	163	210	47
195	93	159	66
196	27	43	16
197	203	263	60
198	39	91	52
199	65	65	0
200	134	205	71
201	74	130	56
202	6	34	28
203	220	244	24
204	136	231	95
205	133	194	61
206	69	155	86
207	84	170	86
208	224	263	39
209	217	228	11
210	212	247	35
211	107	177	70
212	86	215	129
213	198	231	33
214	38	167	129
215	96	120	24
216	117	241	124
217	135	246	111
218	32	132	100
219	188	244	56
220	247	263	16
221	37	193	156
222	89	198	109
223	161	161	0
224	200	211	11
225	17	83	66
226	51	129	78
227	113	220	107
228	10	119	109
229	45	73	28
230	52	84	32
231	72	178	106
232	108	206	98
233	12	68	56
234	158	176	18
235	33	48	15
236	19	45	26
237	64	173	109
238	148	218	70
239	12	48	36
240	52	158	106
241	160	200	40
242	97	182	85
243	46	61	15
244	204	263	59
245	133	234	101
246	88	140	52
247	143	231	88
248	123	222	99
249	60	157	97
250	38	79	41
251	48	160	112
252	108	133	25
253	16	60	44
254	135	208	73
255	73	162	89
256	155	262	107
257	103	234	131
258	84	162	78
259	198	263	65
260	208	253	45
261	49	78	29
262	127	133	6
263	165	208	43
264	15	90	75
265	68	74	6
266	49	116	67
267	119	192	73
268	131	254	123
269	99	231	132
270	48	98	50
271	146	245	99
272	45	80	35
273	69	158	89
274	102	193	91
275	162	245	83
276	147	153	6
277	233	263	30
278	158	228	70
279	46	200	154
280	131	191	60
281	182	241	59
282	153	250	97
283	113	164	51
284	155	240	85
285	91	115	24
286	58	171	113
287	160	243	83
288	189	263	74
289	176	228	52
290	64	89	25
291	178	178	0
292	21	51	30
293	125	187	62
294	111	152	41
295	104	124	20
296	44	80	36
297	191	263	72
298	133	192	59
299	172	219	47
300	52	83	31
301	29	125	96
302	29	80	51
303	166	213	47
304	152	263	111
305	176	230	54
306	187	230	43
307	239	263	24
308	27	152	125
309	131	219	88
310	125	245	120
311	103	103	0
312	222	263	41
313	211	263	52
314	161	263	102
315	129	193	64
316	19	67	48
317	8	26	18
318	8	24	16
319	49	171	122
320	169	212	43
321	16	71	55
322	54	87	33
323	100	219	119
324	142	191	49
325	250	255	5
326	6	61	55
327	93	138	45
328	186	246	60
329	30	96	66
330	23	78	55
331	22	177	155
332	64	156	92
333	6	80	74
334	129	263	134
335	136	207	71
336	17	192	175
337	2	74	72
338	18	143	125
339	70	80	10
340	202	263	61
341	220	263	43
342	32	128	96
343	105	146	41
344	102	184	82
345	179	238	59
346	4	51	47
347	161	231	70
348	124	210	86
349	163	241	78
350	121	121	0
351	218	224	6
352	128	245	117
353	23	41	18
354	45	45	0
355	65	158	93
356	125	244	119
357	15	38	23
358	95	161	66
359	96	142	46
360	61	120	59
361	220	263	43
362	108	128	20
363	98	211	113
364	33	92	59
365	91	97	6
366	105	175	70
367	13	64	51
368	234	263	29
369	81	87	6
370	105	257	152
371	40	262	222
372	107	202	95
373	83	242	159
374	140	158	18
375	177	263	86
376	25	41	16
377	119	263	144
378	116	175	59
379	213	263	50
380	149	231	82
381	19	75	56
382	164	262	98
383	64	173	109
384	79	79	0
385	41	90	49
386	142	227	85
387	90	153	63
388	123	221	98
389	39	52	13
390	39	161	122
391	199	243	44
392	166	263	97
393	69	115	46
394	211	263	52
395	92	92	0
396	108	193	85
397	256	263	7
398	198	263	65
399	118	188	70
400	17	79	62
401	131	251	120
402	111	129	18
403	149	220	71
404	109	226	117
405	84	215	131
406	182	231	49
407	66	91	25
408	115	153	38
409	50	63	13
410	228	263	35
411	167	216	49
412	113	158	45
413	189	232	43
414	222	247	25
415	167	238	71
416	18	41	23
417	187	230	43
418	180	263	83
419	97	178	81
420	25	68	43
421	47	129	82
422	92	112	20
423	127	215	88
424	33	46	13
425	263	263	0
426	41	175	134
427	25	51	26
428	39	57	18
429	253	263	10
430	130	162	32
431	2	220	218
432	149	196	47
433	95	120	25
434	34	80	46
435	55	142	87
436	33	204	171
437	33	149	116
438	109	161	52
439	17	43	26
440	89	128	39
441	82	212	130
442	209	215	6
443	210	246	36
444	32	54	22
445	116	202	86
446	146	187	41
447	77	199	122
448	68	142	74
449	41	210	169
450	192	221	29
451	236	248	12
452	43	78	35
453	179	247	68
454	239	263	24
455	70	207	137
456	53	75	22
457	213	261	48
458	16	131	115
459	72	90	18
460	87	235	148
461	177	220	43
462	91	138	47
463	34	181	147
464	52	100	48
465	47	83	36
466	8	65	57
467	25	95	70
468	47	60	13
469	129	170	41
470	178	243	65
471	107	193	86
472	66	79	13
473	195	245	50
474	4	185	181
475	141	200	59
476	215	263	48
477	116	195	79
478	116	141	25
479	245	263	18
480	70	207	137
481	106	170	64
482	198	242	44
483	177	263	86
484	146	178	32
485	174	244	70
486	136	215	79
487	143	200	57
488	37	90	53
489	64	189	125
490	200	263	63
491	147	263	116
492	108	155	47
493	33	49	16
494	31	156	125
495	93	103	10
496	140	195	55
497	24	64	40
498	153	252	99
499	32	152	120
500	14	29	15
501	26	36	10
502	35	146	111
503	42	60	18
504	25	43	18
505	61	71	10
506	45	129	84
507	76	94	18
508	79	187	108
509	128	185	57
510	77	90	13
511	9	74	65
512	89	174	85
513	57	60	3
514	20	170	150
515	125	229	104
516	24	154	130
517	136	209	73
518	91	91	0
519	24	65	41
520	229	235	6
521	80	179	99
522	133	247	114
523	143	215	72
524	129	147	18
525	169	254	85
526	19	37	18
527	112	225	113
528	145	192	47
529	120	252	132
530	38	103	65
531	83	119	36
532	219	263	44
533	5	5	0
534	85	109	24
535	33	129	96
536	194	200	6
537	13	77	64
538	14	43	29
539	16	194	178
540	41	118	77
541	86	172	86
542	124	194	70
543	5	65	60
544	39	52	13
545	37	130	93
546	81	263	182
547	131	244	113
548	25	38	13
549	27	85	58
550	33	165	132
551	234	244	10
552	125	253	128
553	232	243	11
554	40	211	171
555	180	256	76
556	197	248	51
557	173	191	18
558	62	112	50
559	186	258	72
560	156	228	72
561	185	263	78
562	113	246	133
563	110	181	71
564	242	242	0
565	34	90	56
566	167	232	65
567	81	91	10
568	65	80	15
569	65	141	76
570	196	221	25
571	23	44	21
572	148	253	105
573	224	263	39
574	44	158	114
575	237	253	16
576	187	244	57
577	131	223	92
578	58	109	51
579	114	219	105
580	141	161	20
581	147	202	55
582	188	263	75
583	11	60	49
584	193	222	29
585	34	158	124
586	177	263	86
587	204	248	44
588	20	150	130
589	80	142	62
590	177	224	47
591	85	95	10
592	138	243	105
593	24	41	17
594	71	100	29
595	5	44	39
596	219	263	44
597	104	172	68
598	37	55	18
599	29	132	103
600	141	141	0
601	47	95	48
602	133	180	47
603	161	208	47
604	173	263	90
605	195	244	49
606	53	59	6
607	62	129	67
608	77	200	123
609	52	211	159
610	6	41	35
611	19	21	2
612	192	210	18
613	84	90	6
614	97	115	18
615	55	68	13
616	127	187	60
617	3	95	92
618	187	261	74
619	114	185	71
620	150	199	49
621	212	241	29
622	245	263	18
623	14	123	109
624	149	257	108
625	238	238	0
626	111	179	68
627	176	241	65
628	34	136	102
629	220	263	43
630	36	122	86
631	112	254	142
632	185	228	43
633	84	196	112
634	19	61	42
635	20	50	30
636	212	251	39
637	136	234	98
638	167	244	77
639	35	48	13
640	85	185	100
641	170	221	51
642	176	217	41
643	146	245	99
644	7	47	40
645	45	128	83
646	20	142	122
647	190	258	68
648	138	251	113
649	37	109	72
650	76	91	15
651	191	263	72
652	14	119	105
653	152	213	61
654	214	263	49
655	76	167	91
656	137	229	92
657	25	76	51
658	9	116	107
659	213	263	50
660	71	111	40
661	92	170	78
662	124	183	59
663	37	47	10
664	165	248	83
665	195	230	35
666	29	73	44
667	161	254	93
668	187	263	76
669	62	237	175
670	44	50	6
671	122	142	20
672	101	181	80
673	91	176	85
674	18	38	20
675	77	177	100
676	96	198	102
677	80	174	94
678	223	263	40
679	38	168	130
680	69	98	29
681	26	54	28
682	86	207	121
683	38	127	89
684	122	173	51
685	189	263	74
686	131	155	24
687	199	247	48
688	152	232	80
689	141	161	20
690	19	32	13
691	215	250	35
692	141	251	110
693	131	228	97
694	162	168	6
695	79	234	155
696	24	91	67
697	43	73	30
698	91	132	41
699	126	225	99
700	148	245	97
701	159	191	32
702	232	261	29
703	16	34	18
704	58	76	18
705	96	208	112
706	48	157	109
707	121	185	64
708	172	247	75
709	190	250	60
710	130	221	91
711	147	187	40
712	70	100	30
713	33	60	27
714	24	45	21
715	187	263	76
716	130	246	116
717	79	79	0
718	37	71	34
719	211	244	33
720	152	237	85
721	10	73	63
722	123	242	119
723	41	41	0
724	86	111	25
725	137	199	62
726	147	192	45
727	178	263	85
728	64	133	69
729	80	100	20
730	92	158	66
731	45	128	83
732	137	196	59
733	36	73	37
734	98	197	99
735	76	101	25
736	38	71	33
737	189	263	74
738	19	125	106
739	71	89	18
740	54	146	92
741	86	152	66
742	1	48	47
743	112	175	63
744	17	20	3
745	64	100	36
746	51	102	51
747	20	38	18
748	193	263	70
749	103	174	71
750	7	106	99
751	100	228	128
752	69	181	112
753	147	247	100
754	26	29	3
755	118	142	24
756	1	79	78
757	176	201	25
758	150	197	47
759	142	195	53
760	207	263	56
761	155	244	89
762	71	149	78
763	9	34	25
764	67	166	99
765	119	263	144
766	38	48	10
767	153	243	90
768	123	178	55
769	223	263	40
770	70	87	17
771	196	263	67
772	54	60	6
773	245	245	0
774	199	254	55
775	17	80	63
776	246	263	17
777	99	175	76
778	97	263	166
779	3	48	45
780	13	26	13
781	8	34	26
782	108	247	139
783	196	263	67
784	96	121	25
785	174	244	70
786	112	230	118
787	230	230	0
788	159	217	58
789	19	48	29
790	98	128	30
791	6	27	21
792	169	218	49
793	40	176	136
794	193	237	44
795	46	103	57
796	121	192	71
797	227	263	36
798	14	59	45
799	85	138	53
800	53	69	16
801	77	185	108
802	18	52	34
803	34	34	0
804	32	103	71
805	9	61	52
806	83	173	90
807	113	201	88
808	132	231	99
809	74	175	101
810	18	65	47
811	113	203	90
812	94	112	18
813	179	263	84
814	26	117	91
815	207	256	49
816	69	100	31
817	125	176	51
818	168	263	95
819	171	245	74
820	229	245	16
821	187	228	41
822	79	110	31
823	40	68	28
824	94	170	76
825	135	194	59
826	251	258	7
827	65	142	77
828	60	89	29
829	141	225	84
830	105	246	141
831	157	197	40
832	8	65	57
833	31	96	65
834	128	202	74
835	20	46	26
836	78	123	45
837	239	263	24
838	60	60	0
839	222	263	41
840	19	19	0
841	87	200	113
842	171	224	53
843	122	146	24
844	132	152	20
845	175	181	6
846	180	215	35
847	220	263	43
848	57	79	22
849	42	84	42
850	10	12	2
851	37	86	49
852	9	137	128
853	76	191	115
854	190	225	35
855	28	49	21
856	52	87	35
857	30	50	20
858	189	263	74
859	44	47	3
860	38	247	209
861	45	245	200
862	207	213	6
863	112	174	62
864	19	41	22
865	29	131	102
866	114	243	129
867	107	263	156
868	9	38	29
869	111	252	141
870	202	263	61
871	110	181	71
872	107	210	103
873	26	48	22
874	39	76	37
875	91	128	37
876	129	196	67
877	105	212	107
878	16	64	48
879	140	244	104
880	36	176	140
881	20	69	49
882	52	126	74
883	97	122	25
884	154	194	40
885	132	150	18
886	145	255	110
887	27	98	71
888	159	235	76
889	100	124	24
890	228	263	35
891	60	207	147
892	87	263	176
893	47	63	16
894	9	109	100
895	50	60	10
896	188	263	75
897	173	227	54
898	209	244	35
899	12	14	2
900	40	116	76
901	35	64	29
902	115	197	82
903	105	152	47
904	130	253	123
905	75	145	70
906	17	73	56
907	7	80	73
908	153	247	94
909	101	152	51
910	4	86	82
911	17	111	94
912	73	73	0
913	70	170	100
914	10	109	99
915	9	86	77
916	70	106	36
917	178	234	56
918	10	116	106
919	128	191	63
920	11	77	66
921	27	197	170
922	210	210	0
923	109	115	6
924	9	84	75
925	38	90	52
926	180	244	64
927	7	96	89
928	98	232	134
929	11	28	17
930	64	140	76
931	71	163	92
932	61	103	42
933	30	122	92
934	8	28	20
935	63	79	16
936	17	73	56
937	132	164	32
938	71	263	192
939	14	57	43
940	19	59	40
941	196	263	67
942	190	208	18
943	160	213	53
944	26	76	50
945	5	75	70
946	71	160	89
947	186	246	60
948	258	263	5
949	119	217	98
950	83	226	143
951	52	221	169
952	54	135	81
953	205	248	43
954	66	102	36
955	202	263	61
956	98	176	78
957	55	175	120
958	76	241	165
959	137	212	75
960	124	187	63
961	208	263	55
962	162	244	82
963	31	48	17
964	20	68	48
965	191	231	40
966	151	252	101
967	140	212	72
968	34	92	58
969	12	76	64
970	10	65	55
971	3	25	22
972	127	263	136
973	79	195	116
974	20	123	103
975	124	192	68
976	43	43	0
977	28	64	36
978	11	13	2
979	79	223	144
980	69	110	41
981	158	244	86
982	60	135	75
983	221	261	40
984	139	263	124
985	57	146	89
986	89	194	105
987	110	197	87
988	60	85	25
989	42	95	53
990	108	225	117
991	27	80	53
992	168	244	76
993	54	64	10
994	170	205	35
995	82	176	94
996	31	168	137
997	121	200	79
998	36	95	59
999	173	213	40
1000	133	233	100

27
2
533 71 723 976 838 912 384 518 395 311 350 600 223 291 141 922 787 625 564 773 425 
840 58 803 354 199 717 518 395 311 350 600 223 291 141 922 787 625 564 773 425 

Time: *** msec.
Memory: *** MB / *** MB.
